2065520412
6148796294
6890814145
7385094788
8690450249
8690450249
8690450249
5291003320
8517298982
8757580337
1804062183
6354940939
6565645978
8294825114
5189271160
7762911085
5577662534
7880647997
8214854604
8214854604
7837888191
8690450249
8690450249
1548546875
8690450249
6754205651
8690450249
626199838
8690450249
8488298828
247584320
8024061929
7871650147
7730958478
5047153753
8542266557
5784456755
6917275562
6049403447
788399120
7859324321
8490182225
7398901938
8130805209
88019091
1761995317
5973596579
6029013508
8463498260
8431330731
508729631
7596963278
7674765724
8199286084
7102363915
7762663151
6469483886
5963627569
5813702420
7611888096
5249388721
5356445677
8025648413
8718228470
7455735555
1075914611
7189028846
6629954181
6521138454
6872937226
7134526258
375136245
8019761001
5279062550
6968292610
6355107050
542299295
649376826
5818241382
6213760184
7952198461
1041628208
656283007
7598933937
6335418177
8767346205
6691973645
7462105968
7505299554
503604357
8479973325
8193894627
2100270572
5867753280
7298727253
7707419363
5778950763
7775183178
8579931518
7170645649
8648989751
6631167131
8109899798
6729155357
5853253352
8086250388
6903822614
6034803711
172811083
8153308511
7574078261
8549566223
8374317559
8267822893
1908284763
444795092
8195464576
54686257
1395302145
6823497193
334060860
6740256963
8728221207
6527902446
8214416487
7787025288
7751357833
6189447187
7783731516
6740414119
1381032030
1626638614
7233445943
8502577030
1038593998
8697804119
6521772389
7203049713
6499076847
7317004914
6441858543
8513099189
7582786455
7013880062
5090232724
8383091750
8559761274
5280407495
6031300976
1001430656
549739612
7848531366
619052718
8752285471
8479973325
7271782688
8169304393
1916844034
1371001017
194546362
5924076310
5451812606
6565204795
5373101358
8724720518
1445382042
8713800804
7993497936
6583923457
7727114534
1932280925
8421846618
8157549109
6758211767
7550822631
8522712929
6568407341
8398429385
8432994110
6534024114
1371001017
6887866695
5608525579
5390702018
8254706767
3669069
7620467717
7857547542
7857547542
7944077674
6512645256
7785567129
8332215684
1202659355
8495418029
8391919368
5525912256
849047773
8129375336
8221483549
5786491932
7873947046
8131937233
8408391419
5062888169
5533797903
2068647670
1548546875
5968426086
7368863906
6820681270
2028177759
5749773022
8514381474
8205830721
8236639889
5342788582
8221794189
7709852287
6152515068
8544207493
7753753719
6039122109
6837023598
7492771780
1311919820
1311919820
6634903872
8386458175
7651159841
5703796318
8735866440
7492771780
8546586200
5478160279
8215258377
6003457818
5843407586
6482383779
6527615301
7975907711
8479973325